  0            0              0              0            0           0
  1        13112        2159256        1994995       147085       17176
  2        22706        1362432        1270235        79909       12288
  3        46981        1387968        1287271        81457       19240
  4        62382        1372088        1274834        80638       16616
  5        82535        1373104        1277322        81214       14568
  6        94886        1373104        1277322        81214       14568
  7       115343        1373520        1277628        81324       14568
  8       129822        1373520        1277628        81324       14568
  9       145193        1420024        1321561        81847       16616
 10       164278        1416968        1320729        81671       14568
 11       179764        1416968        1320729        81671       14568
 12       204027        1416968        1320729        81671       14568
 13       232667        1452600        1355610        82022       14968
 14       243728        1451912        1355610        82022       14280
 15       262687        1452264        1355638        82058       14568
 16       276792        1452264        1355638        82058       14568
 17       304947        1484504        1386357        83627       14520
 18       319269        1490632        1391379        82637       16616
 19       340653        1487592        1390547        82477       14568
 20       365289        1487592        1390547        82477       14568
 21       386452        1487592        1390547        82477       14568
 22       404047        1487592        1390547        82477       14568
 23       421641        1596752        1490226        89334       17192
 24       435947        1525880        1426282        82982       16616
 25       459249        1522856        1425458        82830       14568
 26       488442        1522856        1425458        82830       14568
 27       511758        1561960        1461201        83391       17368
 28       541017        1558104        1460369        83167       14568
 29       564345        1558104        1460369        83167       14568
 30       581842        1558104        1460369        83167       14568
 31       599339        1558104        1460369        83167       14568
 32       616836        1558104        1460369        83167       14568
 33       640201        1558104        1460369        83167       14568
 34       657698        1558104        1460369        83167       14568
 35       686826        1558104        1460369        83167       14568
 36       716003        1580760        1479650        83742       17368
 37       745454        1576904        1478818        83518       14568
 38       763140        1576904        1478818        83518       14568
 39       792644        1600424        1497520        83920       18984
 40       816326        1594672        1496459        83645       14568
 41       834054        1594672        1496459        83645       14568
 42       863594        1612744        1514072        83704       14968
 43       881389        1612408        1514100        83740       14568
 44       905075        1612424        1514100        83756       14568
 45       934705        1630208        1531741        83899       14568
 46       958436        1630208        1531741        83899       14568
 47       982098        1630224        1531741        83915       14568
 48      1011761        1630224        1531741        83915       14568
 49      1023626        1630224        1531741        83915       14568
 50      1033230        1651048        1550216        84216       16616
 51      1042899        1648008        1549384        84056       14568
 52      1052553        1648008        1549384        84056       14568
 53      1062207        1648008        1549384        84056       14568
 54      1071817        1648008        1549384        84056       14568
 55      1081471        1648008        1549384        84056       14568
 56      1091124        1648008        1549384        84056       14568
 57      1100726        1671408        1568113        84455       18840
 58      1110405        1658376        1562592        83280       12504