  0            0              0              0            0           0
  1        13094        2255240        2081023       154697       19520
  2       109333        1373776        1277787        81421       14568
  3       236344        1452552        1355797        82187       14568
  4       325220        1487816        1390706        82542       14568
  5       434469        1523048        1425617        82863       14568
  6       521414        1558296        1460528        83200       14568
  7       613752        1558296        1460528        83200       14568
  8       754940        1577096        1478977        83551       14568
  9       864825        1612680        1514259        83853       14568
 10       935479        1630464        1531900        83996       14568
 11      1058877        1648264        1549543        84153       14568
 12      1177270        1666080        1567186        84326       14568
 13      1256200        1666064        1567186        84310       14568
 14      1348314        1701952        1602440        84544       14968
 15      1453542        1719400        1620109        84723       14568
 16      1519423        1737168        1637750        84850       14568
 17      1624663        1754952        1655393        84991       14568
 18      1719187        1772736        1673036        85132       14568
 19      1790005        1772736        1673036        85132       14568
 20      1884429        1790488        1690677        85243       14568
 21      1955302        1808272        1708318        85386       14568
 22      2049785        1826040        1725959        85513       14568
 23      2191418        1861544        1761243        85733       14568
 24      2285815        1879280        1778886        85826       14568
 25      2356655        1879280        1778886        85826       14568
 26      2474639        1897064        1796527        85969       14568
 27      2592757        1932824        1831969        86287       14568
 28      2663680        1950640        1849690        86382       14568
 29      2758024        1968488        1867413        86507       14568
 30      2844450        1986368        1885136        86664       14568
 31      2922978        1986368        1885136        86664       14568
 32      3040811        2004232        1902857        86807       14568
 33      3119407        2004216        1902857        86791       14568
 34      3276500        2004200        1902857        86775       14568
 35      3355024        2004216        1902857        86791       14568
 36      3433655        2004216        1902857        86791       14568
 37      3512153        2003856        1902857        86791       14208
 38      3590765        2004216        1902857        86791       14568
 39      3669293        2004248        1902857        86823       14568
 40      3787120        2004264        1902857        86839       14568
 41      3905024        2004280        1902857        86855       14568
 42      3983600        2004264        1902857        86839       14568
 43      4101472        2004264        1902857        86839       14568
 44      4258522        2004280        1902857        86855       14568
 45      4415624        2004312        1902857        86887       14568
 46      4494288        2004344        1902857        86919       14568
 47      4572920        2004392        1902857        86967       14568
 48      4690798        2004408        1902857        86983       14568
 49      4769353        2004408        1902857        86983       14568
 50      4835257        2004424        1902857        86999       14568
 51      4901166        2004408        1902857        86983       14568
 52      4967078        2004408        1902857        86983       14568
 53      5032978        2004440        1902857        87015       14568
 54      5098875        2007496        1903687        87193       16616
 55      5164816        2004456        1902857        87031       14568
 56      5230713        2004456        1902857        87031       14568
 57      5296640        2004424        1902857        86999       14568
 58      5362609        2007528        1903689        87223       16616
 59      5428498        2008248        1903689        87191       17368
 60      5494401        2004456        1902857        87031       14568
 61      5560297        2004456        1902857        87031       14568
 62      5626252        2004456        1902857        87031       14568
 63      5692176        2004408        1902857        86983       14568
 64      5758138        2004408        1902857        86983       14568
 65      5824025        2004408        1902857        86983       14568
 66      5889932        2004472        1902857        87047       14568
 67      5955834        2004440        1902857        87015       14568
 68      6021784        2004456        1902857        87031       14568
 69      6087749        2004472        1902857        87047       14568
 70      6153648        2004472        1902857        87047       14568
 71      6219532        2004472        1902857        87047       14568
 72      6285489        2004472        1902857        87047       14568
 73      6351409        2004472        1902857        87047       14568
 74      6417371        2004472        1902857        87047       14568
 75      6483263        2004456        1902857        87031       14568
 76      6549184        2004440        1902857        87015       14568
 77      6615065        2004440        1902857        87015       14568
 78      6681006        2004504        1902857        87079       14568
 79      6746887        2010048        1903914        87294       18840
 80      6812768        2132608        2019806        96722       16080
 81      6878675        2004440        1902857        87015       14568